Timestamp_S,Data
1.39795,8396855
1.41357,8397202
1.42918,8397237
1.44480,8396992
1.46042,8397251
1.47604,8397038
1.49166,8397381
1.50323,8397328
1.51885,8396720
1.53447,8396607
1.55009,8397200
1.56571,8397174
1.58132,8396981
1.59694,8397176
1.60882,8396748
1.62444,8396835
1.64006,8396933
1.65568,8397286
1.67129,8397210
1.68691,8396760
1.69763,8396952
1.71325,8396983
1.72887,8397385
1.74449,8397020
1.76011,8396879
1.77572,8397086
1.79134,8397150
1.80276,8397150
1.81838,8396991
1.83400,8397168
1.84962,8397258
1.86524,8397013
1.88086,8396822
1.89647,8397005
1.90902,8397160
1.92464,8396836
1.94026,8397550
1.95588,8396994
1.97150,8396723
1.98712,8396949
2.00273,8397044
2.01290,8396973
2.02852,8397287
2.04414,8396680
2.05976,8396930
2.07538,8397191
2.09100,8397396
2.10245,8397402
2.11807,8397099
2.13368,8396768
2.14930,8396871
2.16492,8397080
2.18054,8397248
2.19616,8397390
2.20910,8397057
2.22472,8396781
2.24034,8396932
2.25596,8396967
2.27158,8396998
2.28720,8397261
2.30282,8397212
2.31268,8396938
2.32830,8397470
2.34392,8396977
2.35954,8397038
2.37515,8396957
2.39077,8396858
2.40639,8396832
2.41778,8397057
2.43340,8397245
2.44902,8397160
2.46464,8397292
2.48025,8396936
2.49587,8397278
2.50937,8397198
2.52499,8396994
2.54061,8396908
2.55622,8397331
2.57184,8396991
2.58746,8396898
2.60308,8397237
2.61230,8396940
2.62792,8397039
2.64354,8396866
2.65916,8397217
2.67478,8397260
2.69040,8396892
2.70601,8397051
2.71740,8397010
2.73302,8397098
2.74864,8397322
2.76426,8396768
2.77988,8397066
2.79550,8397054
2.81111,8396892
2.82516,8396921
2.84078,8397126
2.85640,8397003
2.87202,8397058
2.88763,8396631
2.90325,8397116
2.91202,8397280
2.92764,8397230
2.94325,8397143
2.95887,8397142
2.97449,8397052
2.99011,8396796
3.00573,8397026
3.01712,8397167
3.03274,8397444
3.04836,8396970
3.06397,8396851
3.07959,8397418
3.09521,8397027
3.11083,8397132
3.12527,8397043
3.14089,8396937
3.15651,8397130
3.17213,8396357
3.18775,8396968
3.20336,8397160
3.21898,8396878
3.22756,8396982
3.24318,8397028
3.25880,8396788
3.27442,8397433
3.29004,8396814
3.30566,8397226
3.31680,8396807
3.33242,8397217
3.34804,8396859
3.36366,8397268
3.37928,8397389
3.39490,8397134
3.41051,8397507
3.42187,8396965
3.43749,8397356
3.45311,8396894
3.46873,8397141
3.48435,8397025
3.49997,8397504
3.51558,8397184
3.52774,8396991
3.54336,8396592
3.55897,8396928
3.57459,8396854
3.59021,8397061
3.60583,8397211
3.62145,8397430
3.63208,8397156
3.64769,8397092
3.66331,8396842
3.67893,8397268
3.69455,8397272
3.71017,8396929
3.72159,8397030
3.73721,8397048
3.75283,8397207
3.76844,8396823
3.78406,8397051
3.79968,8396973
3.81530,8397096
3.82803,8397010
3.84365,8397226
3.85927,8396937
3.87489,8396938
3.89051,8396954
3.90612,8397031
3.92174,8397437
3.93179,8397116
3.94741,8397248
3.96303,8396793
3.97865,8397116
3.99426,8396769
4.00988,8396675
4.02550,8397110
4.03689,8397109
4.05251,8397358
4.06813,8397098
4.08375,8397216
4.09936,8396721
4.11498,8397356
4.12820,8397200
4.14382,8397530
4.15944,8396940
4.17506,8396893
4.19068,8396871
4.20630,8397160
4.22192,8397191
4.23144,8397328
4.24706,8397393
4.26268,8397080
4.27830,8396803
4.29392,8397094
4.30954,8397129
4.32515,8397140
4.33654,8397615
4.35216,8397317
4.36778,8397144
4.38340,8397221
4.39902,8397381
4.41464,8397090
4.43026,8397213
4.44393,8397297
4.45955,8397149
4.47517,8396909
4.49079,8397503
4.50641,8397018
4.52203,8397157
4.53116,8397168
4.54678,8397059
4.56240,8397165
4.57801,8396723
4.59363,8397145
4.60925,8397003
4.62487,8396658
4.63626,8396919
4.65188,8397220
4.66750,8397171
4.68311,8397241
4.69873,8396987
4.71435,8397351
4.72997,8397051
4.74411,8397360
4.75973,8397107
4.77534,8397116
4.79096,8397271
4.80658,8397267
4.82220,8397148
4.83782,8397116
4.84655,8396663
4.86217,8396748
4.87779,8397214
4.89341,8397018
4.90903,8396917
4.92465,8397242
4.93604,8397057
4.95165,8397135
4.96727,8396742
4.98289,8397179
4.99851,8397224
5.01413,8396742
5.02975,8396579
5.04431,8397201
5.05993,8396819
5.07555,8396928
5.09117,8396899
5.10678,8397067
5.12240,8396867
5.13802,8396926
5.14663,8396985
5.16225,8397184
5.17787,8396673
5.19349,8397050
5.20911,8396969
5.22473,8397077
5.24034,8396749
5.25131,8397011
5.26693,8397253
5.28254,8397092
5.29816,8396991
5.31378,8397118
5.32940,8397310
5.34082,8396927
5.35644,8396693
5.37206,8397021
5.38768,8397029
5.40329,8397348
5.41891,8397237
5.43453,8397082
5.44693,8397161
5.46255,8397192
5.47817,8397003
5.49378,8396801
5.50940,8397012
5.52502,8397012
5.54064,8397279
5.55105,8397103
5.56667,8397028
5.58229,8396953
5.59791,8396936
5.61353,8397222
5.62915,8396839
5.64476,8397358
5.65609,8396836
5.67171,8397098
5.68733,8397032
5.70295,8396934
5.71857,8397204
5.73418,8396877
5.74713,8397028
5.76275,8397189
5.77837,8397018
5.79399,8396776
5.80961,8397088
5.82522,8396930
5.84084,8396782
5.85074,8397094
5.86636,8397106
5.88197,8396866
5.89759,8397010
5.91321,8396702
5.92883,8396819
5.94445,8397054
5.95575,8397082
5.97136,8396958
5.98698,8396686
6.00260,8396951
6.01822,8397313
6.03384,8397483
6.04946,8396778
6.06295,8397257
6.07857,8397140
6.09419,8397333
6.10981,8397355
6.12543,8397188
6.14105,8397247
6.15036,8397289
6.16598,8396692
6.18160,8397064
6.19722,8397050
6.21283,8397137
6.22845,8397262
6.24407,8397262
6.25543,8396896
6.27105,8396853
6.28667,8397096
6.30229,8397534
6.31790,8397073
6.33352,8396796
6.34914,8397294
6.36309,8397165
6.37871,8396903
6.39433,8397167
6.40995,8397014
6.42557,8396987
6.44119,8397176
6.45681,8396966
6.46569,8396991
6.48131,8397428
6.49693,8396874
6.51255,8397079
6.52817,8396866
6.54379,8397242
6.55521,8397331
6.57082,8397023
6.58644,8397211
6.60206,8396932
6.61768,8397172
6.63330,8397389
6.64892,8396914
6.66330,8397248
6.67892,8397080
6.69453,8397078
6.71015,8397604
6.72577,8397119
6.74139,8397339
6.75701,8397404
6.76565,8397408
6.78127,8397092
6.79689,8397112
6.81251,8396989
6.82813,8397376
6.84374,8397332
6.85936,8396891
6.87051,8397154
6.88613,8396954
6.90175,8397373
6.91736,8397489
6.93298,8396922
6.94860,8396973
6.96021,8397193
6.97582,8397065
6.99144,8396940
7.00706,8397368
7.02268,8397304
7.03830,8396961
7.05392,8397105
7.06576,8396908
7.08138,8396886
7.09700,8396994
7.11262,8396970
7.12824,8397031
7.14386,8396890
7.15947,8397174
7.17010,8397279
7.18572,8396873
7.20134,8397658
7.21696,8396672
7.23258,8396935
7.24819,8396844
7.26381,8396777
7.27520,8397079
7.29082,8397093
7.30644,8397036
7.32206,8397065
7.33768,8396514
7.35330,8397225
7.36591,8397090
7.38152,8396957
7.39714,8397295
7.41276,8397193
7.42838,8397148
7.44400,8396751
7.45962,8397349
7.46982,8397036
7.48543,8397416
7.50105,8396976
7.51667,8396885
7.53229,8396881
7.54791,8397086
7.56353,8397149
7.57492,8396793
7.59054,8396974
7.60615,8396988
7.62177,8397043
7.63739,8397170
7.65301,8397596
7.66863,8396904
7.68176,8397571
7.69738,8396912
7.71299,8396742
7.72861,8397359
7.74423,8396971
7.75985,8396948
7.76953,8397030
7.78515,8397279
7.80077,8396969
7.81639,8397107
7.83201,8397175
7.84762,8397280
7.86324,8397572
7.87460,8397103
7.89022,8397429
7.90584,8397116
7.92146,8397037
7.93708,8397162
7.95269,8397253
7.96831,8396955
7.98187,8397240
7.99749,8397017
8.01311,8396927
8.02872,8397198
8.04434,8396799
8.05996,8397271
8.07558,8397143
8.08480,8396943
8.10042,8397240
8.11604,8396817
8.13166,8397085
8.14728,8397303
8.16290,8397331
8.17426,8397143
8.18987,8396975
8.20549,8397215
8.22111,8397045
8.23673,8397232
8.25235,8397273
8.26797,8396979
8.28204,8396829
8.29766,8396924
8.31328,8397177
8.32890,8397019
8.34452,8396790
8.36013,8396909
8.37575,8396940
8.38446,8397159
8.40008,8397668
8.41569,8397289
8.43131,8396992
8.44693,8397047
8.46255,8397316
8.47817,8396966
8.48950,8396899
8.50512,8397065
8.52073,8396894
8.53635,8397176
8.55197,8397355
8.56759,8397003
8.58215,8396979
8.59777,8396985
8.61339,8397089
8.62901,8396966
8.64463,8397182
8.66025,8397269
8.67586,8397299
8.68454,8397125
8.70016,8397296
8.71578,8397370
8.73139,8397110
8.74701,8397038
8.76263,8396739
8.77825,8397325
8.78927,8397127
8.80489,8397035
8.82051,8396947
8.83613,8397111
8.85175,8396962
8.86737,8396810
8.88298,8396961
8.89434,8397259
8.90996,8397352
8.92558,8397120
8.94120,8397095
8.95682,8397312
8.97244,8397092
8.98471,8397192
9.00033,8397389
9.01595,8397258
9.03157,8397075
9.04718,8396974
9.06280,8397010
9.07842,8397079
9.08896,8396767
9.10458,8397135
9.12019,8397130
9.13581,8397324
9.15143,8396729
9.16705,8397254
9.18267,8397325
9.19406,8396793
9.20968,8396883
9.22530,8397325
9.24091,8397155
9.25653,8397189
9.27215,8396835
9.28777,8397001
9.30053,8397382
9.31615,8397328
9.33177,8397202
9.34739,8396952
9.36301,8396517
9.37862,8397224
9.38852,8396958
9.40414,8397428
9.41976,8396864
9.43537,8396912
9.45099,8396950
9.46661,8396792
9.48223,8397079
9.49371,8397384
9.50933,8397369
9.52495,8397095
9.54057,8397173
9.55619,8397137
9.57180,8397019
9.58742,8397299
9.60074,8397279
9.61635,8397235
9.63197,8396993
9.64759,8397168
9.66321,8397053
9.67883,8397401
9.69445,8396966
9.70385,8397162
9.71947,8397219
9.73509,8397557
9.75071,8397168
9.76633,8397245
9.78194,8397161
9.79330,8397434
9.80892,8397052
9.82454,8397333
9.84016,8397478
9.85578,8397310
9.87140,8397012
9.88702,8397017
9.90088,8397260
9.91650,8397129
9.93211,8397276
9.94773,8397249
9.96335,8396810
9.97897,8397565
9.99459,8396796
10.00354,8396863
10.01916,8397291
10.03477,8397355
10.05039,8396741
10.06601,8397381
10.08163,8397063
10.09725,8397123
10.10861,8397145
10.12423,8397194
10.13984,8396967
10.15546,8397021
10.17108,8397129
10.18670,8396977
10.20102,8396993
10.21664,8397011
10.23226,8397080
10.24787,8396972
10.26349,8397066
10.27911,8397028
10.29473,8396923
10.30343,8397192
10.31905,8397105
10.33467,8397322
10.35029,8397229
10.36591,8397208
10.38153,8396750
10.39715,8397345
10.40835,8397117
10.42397,8396942
10.43959,8396959
10.45521,8397341
10.47083,8397512
10.48644,8396748
10.50206,8396689
10.51367,8397091
10.52929,8397380
10.54490,8397382
10.56052,8396832
10.57614,8396920
10.59176,8397532
10.60352,8397356
10.61913,8396919
10.63475,8397169
10.65037,8397221
10.66599,8396983
10.68161,8397098
10.69723,8397389
10.70801,8397200
10.72362,8396888
10.73924,8396932
10.75486,8396935
10.77048,8397042
10.78610,8397105
10.80172,8397202
10.81311,8397091
10.82873,8397448
10.84434,8397261
10.85996,8397243
10.87558,8397008
10.89120,8396884
10.90682,8397053
10.91940,8397180
10.93502,8397013
10.95064,8397086
10.96625,8397633
10.98187,8397151
10.99749,8397101
11.00772,8397133
11.02334,8397221
11.03896,8397251
11.05458,8397236
11.07019,8397121
11.08581,8397087
11.10143,8397180
11.11282,8397375
11.12844,8397079
11.14406,8397019
11.15968,8396987
11.17530,8397175
11.19091,8397133
11.20653,8396979
11.21957,8397335
11.23519,8397057
11.25081,8397093
11.26643,8396722
11.28204,8397026
11.29766,8397356
11.31328,8396746
11.32308,8397052
11.33870,8397294
11.35432,8397234
11.36994,8397202
11.38556,8396814
11.40118,8396622
11.41254,8396961
11.42816,8397110
11.44377,8397042
11.45939,8396914
11.47501,8396812
11.49063,8396897
11.50625,8397445
11.51980,8396834
11.53542,8396910
11.55104,8397415
11.56666,8397013
11.58228,8396798
11.59790,8397093
11.61352,8396922
11.62271,8397030
11.63833,8396810
11.65394,8397070
11.66956,8397394
11.68518,8397385
11.70080,8397220
11.71642,8397000
11.72784,8397360
11.74346,8397014
11.75908,8397658
11.77469,8397345
11.79031,8397451
11.80593,8396887
11.81998,8397231
11.83560,8397154
11.85121,8397445
11.86683,8397091
11.88245,8396965
11.89807,8397183
11.91369,8397367
11.92236,8396745
11.93798,8397302
11.95360,8397090
11.96922,8397042
11.98484,8396972
12.00045,8396938
12.01607,8397100
12.02758,8397150
12.04320,8397075
12.05882,8397157
12.07444,8397124
12.09006,8397299
12.10568,8396929
12.12130,8397155
12.13571,8396986
12.15133,8396973
12.16694,8397065
12.18256,8397172
12.19818,8397044
12.21380,8397139
12.22247,8397074
12.23809,8397137
12.25371,8397030
12.26933,8397200
12.28495,8396985
12.30057,8396930
12.31618,8396982
12.32724,8397179
12.34286,8397171
12.35848,8397217
12.37409,8396697
12.38971,8396926
12.40533,8397620
12.42095,8397060
12.43237,8396693
12.44799,8396786
12.46361,8397320
12.47923,8397177
12.49484,8397051
12.51046,8397288
12.52608,8396839
12.53820,8397299
12.55382,8397022
12.56944,8397011
12.58506,8397277
12.60068,8397085
12.61630,8396745
12.62692,8397267
12.64254,8396917
12.65816,8397032
12.67378,8397133
12.68940,8396904
12.70502,8397060
12.72063,8397177
12.73202,8396885
12.74764,8397190
12.76326,8396696
12.77888,8397415
12.79450,8396977
12.81012,8397212
12.82573,8396942
12.83844,8397034
12.85406,8396815
12.86967,8397188
12.88529,8397010
12.90091,8397122
12.91653,8396996
12.93215,8397466
12.94223,8396777
12.95784,8396827
12.97346,8397305
12.98908,8397153
13.00470,8397101
13.02032,8396833
13.03168,8397081
13.04730,8396953
13.06291,8396647
13.07853,8396982
13.09415,8397100
13.10977,8397103
13.12539,8397138
13.13867,8397118
13.15429,8397494
13.16991,8397264
13.18553,8397466
13.20114,8396977
13.21676,8397333
13.23238,8397027
13.24191,8397000
13.25753,8397326
13.27315,8396940
13.28877,8397255
13.30438,8397251
13.32000,8397218
13.33562,8397074
13.34701,8397024
13.36263,8397218
13.37825,8397029
13.39387,8397284
13.40948,8397039
13.42510,8396988
13.43881,8397166
13.45443,8397157
13.47005,8397290
13.48567,8397090
13.50129,8397091
13.51690,8397195
13.53252,8396850
13.54165,8396783
13.55727,8396779
13.57289,8397021
13.58851,8397118
13.60413,8397204
13.61975,8396772
13.63537,8396737
13.64676,8397110
13.66237,8397128
13.67799,8397079
13.69361,8396981
13.70923,8397299
13.72485,8397126
13.74047,8396878
13.75460,8397096
13.77022,8397603
13.78584,8396966
13.80146,8397237
13.81708,8397238
13.83270,8397166
13.84137,8397301
13.85699,8397246
13.87261,8397299
13.88823,8397256
13.90384,8397292
13.91946,8397120
13.93508,8397089
13.94650,8397252
13.96212,8397004
13.97774,8397016
13.99336,8397477
14.00898,8397368
14.02459,8397078
14.04021,8397018
14.05475,8397092
14.07036,8396680
14.08598,8397093
14.10160,8397323
14.11722,8397355
14.13284,8397046
14.14846,8397186
14.15710,8397146
14.17272,8396941
14.18834,8397173
14.20396,8396963
14.21957,8397193
14.23519,8397117
14.24615,8396954
14.26177,8396892
14.27739,8397125
14.29301,8397145
14.30863,8397138
14.32425,8397097
14.33987,8397049
