Timestamp_S,Data
1.40576,8406683
1.42138,8406841
1.43699,8406476
1.45261,8406551
1.46823,8406738
1.48385,8406668
1.49542,8406644
1.51104,8406677
1.52666,8406436
1.54228,8406742
1.55790,8406924
1.57351,8406496
1.58913,8406657
1.60101,8406973
1.61663,8406678
1.63225,8406788
1.64787,8406591
1.66349,8406474
1.67910,8406927
1.69472,8406568
1.70544,8406348
1.72106,8406346
1.73668,8406444
1.75230,8406632
1.76792,8406831
1.78353,8406635
1.79915,8406653
1.81057,8406840
1.82619,8406602
1.84181,8406640
1.85743,8406773
1.87305,8406495
1.88866,8406359
1.90121,8406877
1.91683,8406704
1.93245,8406700
1.94807,8406710
1.96369,8406466
1.97931,8406847
1.99493,8406638
2.00509,8406783
2.02071,8406639
2.03633,8406936
2.05195,8406603
2.06757,8406654
2.08319,8406887
2.09881,8406785
2.11026,8406836
2.12588,8406794
2.14149,8406860
2.15711,8406785
2.17273,8406668
2.18835,8406940
2.20397,8406662
2.21691,8406906
2.23253,8406950
2.24815,8406684
2.26377,8406701
2.27939,8406653
2.29501,8406688
2.30487,8406809
2.32049,8406920
2.33611,8406673
2.35173,8406669
2.36734,8406757
2.38296,8406693
2.39858,8406772
2.40997,8406505
2.42559,8406777
2.44121,8406861
2.45683,8406646
2.47245,8406717
2.48806,8406901
2.50368,8406339
2.51718,8407217
2.53280,8406852
2.54842,8406748
2.56403,8406671
2.57965,8406573
2.59527,8406868
2.61089,8406839
2.62011,8406467
2.63573,8406824
2.65135,8406429
2.66697,8406949
2.68259,8406648
2.69820,8406505
2.70959,8406527
2.72521,8406620
2.74083,8407022
2.75645,8406632
2.77207,8406640
2.78769,8406772
2.80331,8406753
2.81735,8406643
2.83297,8406935
2.84859,8406477
2.86421,8406809
2.87982,8406776
2.89544,8406607
2.91106,8406862
2.91983,8406633
2.93545,8406733
2.95106,8406718
2.96668,8406379
2.98230,8406887
2.99792,8406581
3.01354,8406496
3.02493,8406422
3.04055,8406826
3.05616,8406381
3.07178,8406361
3.08740,8406938
3.10302,8406049
3.11746,8406430
3.13308,8406481
3.14870,8406736
3.16432,8406759
3.17994,8406647
3.19555,8406610
3.21117,8406901
3.21976,8406655
3.23537,8406805
3.25099,8406923
3.26661,8406935
3.28223,8406575
3.29785,8406894
3.31347,8406751
3.32461,8406879
3.34023,8406532
3.35585,8406977
3.37147,8406490
3.38709,8406850
3.40270,8406540
3.41832,8407148
3.42968,8406538
3.44530,8406929
3.46092,8406697
3.47654,8406870
3.49216,8406625
3.50778,8406890
3.51993,8406431
3.53555,8406674
3.55116,8406737
3.56678,8406896
3.58240,8406345
3.59802,8406835
3.61364,8406967
3.62427,8406755
3.63988,8406926
3.65550,8406988
3.67112,8406815
3.68674,8406888
3.70236,8406708
3.71798,8406933
3.72940,8407102
3.74502,8406481
3.76063,8406792
3.77625,8406861
3.79187,8406420
3.80749,8406490
3.82311,8406415
3.83584,8406684
3.85146,8406488
3.86708,8406664
3.88270,8406806
3.89832,8406652
3.91393,8406625
3.92398,8406838
3.93960,8406758
3.95522,8406596
3.97084,8406296
3.98645,8406529
4.00207,8406696
4.01769,8406896
4.02908,8406467
4.04470,8406789
4.06032,8406647
4.07594,8406803
4.09156,8406687
4.10717,8406774
4.12279,8406893
4.13601,8406792
4.15163,8406509
4.16725,8406724
4.18287,8406446
4.19849,8406457
4.21411,8406924
4.22972,8406643
4.23925,8406687
4.25487,8406964
4.27049,8406899
4.28611,8406535
4.30173,8406525
4.31735,8406884
4.32874,8406463
4.34435,8406909
4.35997,8406496
4.37559,8406690
4.39121,8406545
4.40683,8406710
4.42245,8406881
4.43613,8406587
4.45174,8406791
4.46736,8406834
4.48298,8406859
4.49860,8406864
4.51422,8406495
4.52984,8407146
4.53897,8406862
4.55459,8406906
4.57020,8406706
4.58582,8406956
4.60144,8406600
4.61706,8406873
4.63268,8406722
4.64407,8406886
4.65969,8406853
4.67531,8406655
4.69092,8406576
4.70654,8406608
4.72216,8406763
4.73630,8406487
4.75192,8406698
4.76753,8406931
4.78315,8406894
4.79877,8406574
4.81439,8406678
4.83001,8406503
4.83874,8406882
4.85436,8406770
4.86998,8406545
4.88560,8406987
4.90122,8406659
4.91684,8407097
4.93245,8406899
4.94384,8406939
4.95946,8406456
4.97508,8406383
4.99070,8406649
5.00632,8406688
5.02194,8406385
5.03756,8406696
5.05212,8406764
5.06774,8407241
5.08336,8406695
5.09897,8406514
5.11459,8406538
5.13021,8406601
5.13882,8406829
5.15444,8406789
5.17006,8406963
5.18568,8406494
5.20130,8406553
5.21692,8406622
5.23254,8406945
5.24350,8406256
5.25912,8406725
5.27474,8406618
5.29035,8406416
5.30597,8406666
5.32159,8406585
5.33721,8406656
5.34863,8406523
5.36425,8406573
5.37987,8406097
5.39549,8406370
5.41110,8406458
5.42672,8406753
5.44234,8406550
5.45474,8406605
5.47036,8406392
5.48597,8406769
5.50159,8407086
5.51721,8406557
5.53283,8406655
5.54324,8406693
5.55886,8406760
5.57448,8406728
5.59010,8406587
5.60572,8406742
5.62134,8406679
5.63695,8406581
5.64828,8406949
5.66390,8406645
5.67952,8406657
5.69514,8406772
5.71076,8406679
5.72638,8406773
5.74199,8406639
5.75494,8406453
5.77056,8406859
5.78618,8406900
5.80180,8406652
5.81741,8406536
5.83303,8406869
5.84865,8406640
5.85855,8406628
5.87416,8406901
5.88978,8406906
5.90540,8406562
5.92102,8406650
5.93664,8406507
5.94794,8406183
5.96356,8406928
5.97917,8406857
5.99479,8406257
6.01041,8407082
6.02603,8406776
6.04165,8406828
6.05514,8406667
6.07076,8406744
6.08638,8406566
6.10200,8406637
6.11762,8406785
6.13324,8406641
6.14885,8406406
6.15817,8407184
6.17379,8406434
6.18941,8406599
6.20502,8406662
6.22064,8406740
6.23626,8407082
6.25188,8406495
6.26324,8406256
6.27886,8406652
6.29448,8406816
6.31010,8406633
6.32571,8406609
6.34133,8406737
6.35529,8407237
6.37090,8406975
6.38652,8406501
6.40214,8406747
6.41776,8406936
6.43338,8406848
6.44900,8406625
6.45788,8406579
6.47350,8406744
6.48912,8406680
6.50474,8406559
6.52036,8406733
6.53598,8406893
6.55160,8406820
6.56302,8406842
6.57863,8406682
6.59425,8406485
6.60987,8406631
6.62549,8406708
6.64111,8406663
6.65673,8406511
6.67111,8406783
6.68673,8406829
6.70234,8406528
6.71796,8406512
6.73358,8406501
6.74920,8406653
6.75784,8406922
6.77346,8406841
6.78908,8406867
6.80470,8406793
6.82032,8406705
6.83594,8406826
6.85155,8407122
6.86270,8406664
6.87832,8406868
6.89394,8406618
6.90956,8406866
6.92517,8406704
6.94079,8406646
6.95641,8406885
6.96801,8406592
6.98363,8406631
6.99925,8406710
7.01487,8406458
7.03049,8406561
7.04611,8406927
7.06173,8406681
7.07357,8406403
7.08919,8406421
7.10481,8406777
7.12043,8406248
7.13605,8406980
7.15167,8406751
7.16229,8406973
7.17791,8406622
7.19353,8406681
7.20915,8406514
7.22477,8406531
7.24038,8406640
7.25600,8406822
7.26739,8406554
7.28301,8406695
7.29863,8406362
7.31425,8406801
7.32987,8406431
7.34549,8406788
7.36110,8406779
7.37372,8406861
7.38933,8406606
7.40495,8406510
7.42057,8406863
7.43619,8406683
7.45181,8406635
7.46743,8407128
7.47763,8406496
7.49324,8406718
7.50886,8406629
7.52448,8406795
7.54010,8406422
7.55572,8406795
7.56711,8406795
7.58273,8406720
7.59835,8407161
7.61396,8406715
7.62958,8406990
7.64520,8406926
7.66082,8406924
7.67395,8406580
7.68957,8406494
7.70519,8406939
7.72080,8406657
7.73642,8406806
7.75204,8406791
7.76766,8406657
7.77734,8406618
7.79296,8406919
7.80858,8406800
7.82420,8406874
7.83981,8406561
7.85543,8406708
7.87105,8406567
7.88241,8407115
7.89803,8406618
7.91365,8406648
7.92927,8406736
7.94488,8406469
7.96050,8406521
7.97406,8406636
7.98968,8406600
8.00530,8406750
8.02092,8406882
8.03653,8406659
8.05215,8406626
8.06777,8406730
8.07699,8406869
8.09261,8406889
8.10823,8406715
8.12385,8406595
8.13947,8406730
8.15509,8406884
8.17071,8406587
8.18206,8406816
8.19768,8406648
8.21330,8406898
8.22892,8406564
8.24454,8406378
8.26016,8406646
8.27578,8406441
8.28985,8406693
8.30547,8406233
8.32109,8406520
8.33671,8406454
8.35233,8406649
8.36794,8406510
8.37665,8406776
8.39227,8406383
8.40788,8406510
8.42350,8406906
8.43912,8406687
8.45474,8407061
8.47036,8407036
8.48169,8406623
8.49731,8406641
8.51292,8406783
8.52854,8406750
8.54416,8406537
8.55978,8406739
8.57540,8406515
8.58996,8406967
8.60558,8406644
8.62120,8406929
8.63682,8406884
8.65244,8406700
8.66806,8406632
8.68367,8407124
8.69235,8406719
8.70797,8406705
8.72358,8406869
8.73920,8406970
8.75482,8406626
8.77044,8406637
8.78146,8406878
8.79708,8406623
8.81270,8406731
8.82832,8406426
8.84394,8406503
8.85956,8406388
8.87517,8406577
8.88653,8407043
8.90215,8406682
8.91777,8406465
8.93339,8406905
8.94901,8406602
8.96463,8406441
8.98024,8406505
8.99252,8406958
9.00814,8406806
9.02376,8406589
9.03938,8406819
9.05499,8406440
9.07061,8407026
9.08623,8406897
9.09677,8406630
9.11238,8406853
9.12800,8406700
9.14362,8406584
9.15924,8406866
9.17486,8406559
9.18625,8406589
9.20187,8406504
9.21749,8406718
9.23310,8406490
9.24872,8406709
9.26434,8406768
9.27996,8406620
9.29272,8406706
9.30834,8406688
9.32396,8406424
9.33958,8406273
9.35520,8406612
9.37082,8406617
9.38643,8406709
9.39633,8406376
9.41195,8407190
9.42757,8406730
9.44318,8406722
9.45880,8406846
9.47442,8406817
9.49004,8406468
9.50152,8406685
9.51714,8406331
9.53276,8406618
9.54838,8406731
9.56399,8406507
9.57961,8406844
9.59293,8407136
9.60854,8406746
9.62416,8406753
9.63978,8406797
9.65540,8406508
9.67102,8406812
9.68664,8406470
9.69604,8406507
9.71166,8406747
9.72728,8406550
9.74290,8406866
9.75852,8406598
9.77414,8407099
9.78975,8406608
9.80111,8406678
9.81673,8406731
9.83235,8406451
9.84797,8406533
9.86359,8406696
9.87921,8406706
9.89482,8406657
9.90869,8406675
9.92431,8406803
9.93992,8407087
9.95554,8406763
9.97116,8406479
9.98678,8406814
9.99573,8406697
10.01135,8406775
10.02696,8406860
10.04258,8406639
10.05820,8406586
10.07382,8406731
10.08944,8406500
10.10080,8406828
10.11642,8406385
10.13203,8406946
10.14765,8406681
10.16327,8406811
10.17889,8406806
10.19451,8406725
10.20883,8406360
10.22445,8406783
10.24007,8406543
10.25568,8406896
10.27130,8406642
10.28692,8406673
10.30254,8406668
10.31124,8406819
10.32686,8406758
10.34248,8406826
10.35810,8406664
10.37372,8406841
10.38934,8406608
10.40054,8406916
10.41616,8406708
10.43178,8406373
10.44740,8406903
10.46302,8406463
10.47864,8406929
10.49425,8406408
10.50586,8406616
10.52148,8406520
10.53709,8406461
10.55271,8406750
10.56833,8406593
10.58395,8407236
10.59957,8407048
10.61132,8406741
10.62694,8406757
10.64256,8406483
10.65818,8406995
10.67380,8406500
10.68942,8406711
10.70504,8406621
10.71582,8406650
10.73143,8406829
10.74705,8406627
10.76267,8406654
10.77829,8406564
10.79391,8406611
10.80530,8406773
10.82092,8406648
10.83653,8406695
10.85215,8406649
10.86777,8406729
10.88339,8406853
10.89901,8406838
10.91159,8406643
10.92721,8406465
10.94283,8406555
10.95844,8406596
10.97406,8406579
10.98968,8406779
11.00530,8406769
11.01553,8406818
11.03115,8406931
11.04677,8406674
11.06239,8406561
11.07800,8406803
11.09362,8406602
11.10924,8406451
11.12063,8406896
11.13625,8406583
11.15187,8406711
11.16749,8406582
11.18311,8406564
11.19872,8406597
11.21176,8406606
11.22738,8406356
11.24300,8406680
11.25862,8406630
11.27424,8406690
11.28985,8406757
11.30547,8406439
11.31528,8406348
11.33089,8406778
11.34651,8406805
11.36213,8406771
11.37775,8406862
11.39337,8406395
11.40899,8406815
11.42035,8406821
11.43596,8406778
11.45158,8406388
11.46720,8406690
11.48282,8406782
11.49844,8406408
11.51406,8406584
11.52761,8406657
11.54323,8406616
11.55885,8406438
11.57447,8406364
11.59009,8407072
11.60571,8406672
11.61490,8406654
11.63052,8406655
11.64614,8406835
11.66175,8406656
11.67737,8406937
11.69299,8406644
11.70861,8406719
11.72003,8406800
11.73565,8406718
11.75127,8406687
11.76689,8406425
11.78250,8406916
11.79812,8407187
11.81374,8406773
11.82779,8406424
11.84340,8406555
11.85902,8407071
11.87464,8406699
11.89026,8406602
11.90588,8406531
11.92150,8407009
11.93017,8406457
11.94579,8406621
11.96141,8406713
11.97703,8406909
11.99264,8406704
12.00826,8406952
12.01978,8407005
12.03539,8406746
12.05101,8406723
12.06663,8406814
12.08225,8406686
12.09787,8406809
12.11349,8406578
12.12790,8406647
12.14352,8406897
12.15913,8406382
12.17475,8406778
12.19037,8406481
12.20599,8406823
12.22161,8406759
12.23028,8406673
12.24590,8406587
12.26152,8406479
12.27714,8407024
12.29276,8406587
12.30837,8406878
12.32399,8406665
12.33505,8406615
12.35067,8406676
12.36628,8406227
12.38190,8406685
12.39752,8406671
12.41314,8406402
12.42456,8406809
12.44018,8406636
12.45580,8406786
12.47142,8406609
12.48703,8406331
12.50265,8406400
12.51827,8406742
12.53039,8406545
12.54601,8406366
12.56163,8406383
12.57725,8406707
12.59287,8406426
12.60849,8406755
12.62410,8406698
12.63473,8406730
12.65035,8406668
12.66597,8406706
12.68159,8406642
12.69721,8406372
12.71282,8406877
12.72844,8407165
12.73983,8406980
12.75545,8406646
12.77107,8406476
12.78669,8406586
12.80231,8406772
12.81793,8406955
12.83063,8406912
12.84625,8406365
12.86186,8406771
12.87748,8406698
12.89310,8406688
12.90872,8406739
12.92434,8406486
12.93442,8406829
12.95003,8406779
12.96565,8406878
12.98127,8406495
12.99689,8406557
13.01251,8406930
13.02813,8406396
13.03949,8407018
13.05510,8406427
13.07072,8406769
13.08634,8407082
13.10196,8406818
13.11758,8406565
13.13320,8406523
13.14648,8406655
13.16210,8406889
13.17772,8406633
13.19333,8406607
13.20895,8406444
13.22457,8406563
13.23410,8406986
13.24972,8406761
13.26534,8406358
13.28096,8406715
13.29657,8406554
13.31219,8406903
13.32781,8406776
13.33920,8406692
13.35482,8406805
13.37044,8406824
13.38606,8406393
13.40168,8406497
13.41729,8406779
13.43291,8406559
13.44662,8406503
13.46224,8406716
13.47786,8406866
13.49348,8406660
13.50910,8406946
13.52471,8406625
13.54033,8406750
13.54946,8406427
13.56508,8406870
13.58070,8406388
13.59632,8406548
13.61194,8406908
13.62756,8406843
13.63895,8406636
13.65457,8406665
13.67018,8406489
13.68580,8406586
13.70142,8406810
13.71704,8406297
13.73266,8406698
13.74679,8406533
13.76241,8406685
13.77803,8407047
13.79365,8406727
13.80927,8406894
13.82489,8407011
13.84050,8406882
13.84918,8406253
13.86480,8406417
13.88042,8406705
13.89603,8406957
13.91165,8406511
13.92727,8406513
13.94289,8406780
13.95431,8406770
13.96993,8406890
13.98555,8406363
14.00117,8406404
14.01678,8406802
14.03240,8406718
14.04694,8406679
14.06255,8406916
14.07817,8406824
14.09379,8406701
14.10941,8406610
14.12503,8406591
14.14065,8406427
14.14929,8406933
14.16491,8406584
14.18053,8406756
14.19615,8406511
14.21176,8406657
14.22738,8406746
14.24300,8406755
14.25396,8406751
14.26958,8406517
14.28520,8406756
14.30082,8406530
14.31644,8406797
14.33206,8406503
14.34767,8406811
