Timestamp_S,Data
1.39404,8404465
1.40966,8404336
1.42528,8404463
1.44090,8404632
1.45652,8404338
1.47214,8404253
1.48775,8404556
1.49933,8404079
1.51495,8404281
1.53056,8404479
1.54618,8404514
1.56180,8404592
1.57742,8404481
1.59304,8404685
1.60492,8404396
1.62053,8404501
1.63615,8404441
1.65177,8404403
1.66739,8404784
1.68301,8404286
1.69863,8404698
1.70935,8404742
1.72496,8404660
1.74058,8404711
1.75620,8404807
1.77182,8404470
1.78744,8404325
1.79886,8404331
1.81448,8404507
1.83010,8404419
1.84571,8404386
1.86133,8404460
1.87695,8404742
1.89257,8404482
1.90512,8404420
1.92074,8404673
1.93636,8404721
1.95197,8404330
1.96759,8404451
1.98321,8404076
1.99883,8404276
2.00900,8404549
2.02462,8404397
2.04024,8404543
2.05585,8404816
2.07147,8404154
2.08709,8404826
2.10271,8405179
2.11416,8404701
2.12978,8404421
2.14540,8404518
2.16102,8404377
2.17664,8404494
2.19225,8404200
2.20520,8404466
2.22082,8404610
2.23644,8404301
2.25206,8404521
2.26767,8404767
2.28329,8404511
2.29891,8404201
2.30878,8404632
2.32439,8404581
2.34001,8404305
2.35563,8404187
2.37125,8404480
2.38687,8404231
2.40249,8404365
2.41388,8404501
2.42949,8404157
2.44511,8404681
2.46073,8403986
2.47635,8404289
2.49197,8404352
2.50759,8404307
2.52108,8404741
2.53670,8404372
2.55232,8404323
2.56794,8404607
2.58356,8404426
2.59918,8404065
2.60840,8404482
2.62402,8404197
2.63964,8404280
2.65525,8404487
2.67087,8404482
2.68649,8404542
2.70211,8404564
2.71350,8404346
2.72912,8404348
2.74474,8404583
2.76035,8404649
2.77597,8404574
2.79159,8404521
2.80721,8404520
2.82126,8404582
2.83687,8404513
2.85249,8404388
2.86811,8404655
2.88373,8404718
2.89935,8404418
2.91497,8404660
2.92373,8404332
2.93935,8404722
2.95497,8404916
2.97059,8404607
2.98621,8404535
3.00182,8404408
3.01321,8404499
3.02883,8404558
3.04445,8404546
3.06007,8404796
3.07569,8404723
3.09131,8404671
3.10693,8404298
3.12137,8404586
3.13699,8404407
3.15260,8404737
3.16822,8404432
3.18384,8404393
3.19946,8404348
3.21508,8404322
3.22366,8404306
3.23928,8404493
3.25490,8404534
3.27052,8404407
3.28613,8404514
3.30175,8404822
3.31737,8404466
3.32852,8404255
3.34414,8404659
3.35975,8404431
3.37537,8404483
3.39099,8404284
3.40661,8404478
3.41797,8404521
3.43359,8404442
3.44921,8404324
3.46482,8404353
3.48044,8404577
3.49606,8404430
3.51168,8404318
3.52383,8404312
3.53945,8404611
3.55507,8404269
3.57069,8404431
3.58631,8404516
3.60193,8404064
3.61754,8404922
3.62817,8404785
3.64379,8404669
3.65941,8404702
3.67503,8404339
3.69064,8404593
3.70626,8404371
3.72188,8404794
3.73330,8404389
3.74892,8404316
3.76454,8404563
3.78016,8404331
3.79578,8404449
3.81139,8404788
3.82413,8404384
3.83975,8404709
3.85536,8404325
3.87098,8404414
3.88660,8404630
3.90222,8404631
3.91784,8404295
3.92789,8404551
3.94350,8404606
3.95912,8404424
3.97474,8404284
3.99036,8404717
4.00598,8404594
4.02160,8404817
4.03299,8404665
4.04860,8404549
4.06422,8404387
4.07984,8404486
4.09546,8404145
4.11108,8404432
4.12670,8404454
4.13992,8403943
4.15554,8404295
4.17116,8404359
4.18677,8404196
4.20239,8404714
4.21801,8404525
4.22754,8404425
4.24316,8404531
4.25878,8404783
4.27439,8404666
4.29001,8404541
4.30563,8404395
4.32125,8404395
4.33264,8404319
4.34826,8404648
4.36388,8404395
4.37950,8404842
4.39511,8404617
4.41073,8404477
4.42635,8404197
4.44003,8404393
4.45565,8404551
4.47127,8404672
4.48689,8404677
4.50250,8404486
4.51812,8404533
4.53374,8404524
4.54287,8404629
4.55849,8404651
4.57411,8404174
4.58973,8404266
4.60535,8404371
4.62096,8404130
4.63235,8404292
4.64797,8404757
4.66359,8404347
4.67921,8404453
4.69483,8404585
4.71045,8404344
4.72607,8404662
4.74020,8404227
4.75582,8404521
4.77144,8404644
4.78706,8404487
4.80268,8404943
4.81829,8404422
4.83391,8404188
4.84265,8404543
4.85827,8404249
4.87389,8404635
4.88950,8404663
4.90512,8404395
4.92074,8404705
4.93636,8404559
4.94775,8404348
4.96337,8404439
4.97899,8404747
4.99460,8404691
5.01022,8404782
5.02584,8404568
5.04041,8404727
5.05602,8404400
5.07164,8404513
5.08726,8404508
5.10288,8404456
5.11850,8404502
5.13412,8403975
5.14273,8404153
5.15835,8404462
5.17397,8404285
5.18958,8404640
5.20520,8404424
5.22082,8404362
5.23644,8404504
5.24740,8404504
5.26302,8404565
5.27864,8404531
5.29426,8404350
5.30988,8404267
5.32550,8404536
5.34111,8404283
5.35253,8404812
5.36815,8404478
5.38377,8404435
5.39939,8404521
5.41501,8404306
5.43063,8404507
5.44302,8404558
5.45864,8404579
5.47426,8404271
5.48988,8404443
5.50550,8404512
5.52112,8404532
5.53673,8404599
5.54715,8404551
5.56277,8404174
5.57839,8404202
5.59400,8403998
5.60962,8404599
5.62524,8404358
5.64086,8404488
5.65219,8404610
5.66781,8404543
5.68342,8404489
5.69904,8404526
5.71466,8404472
5.73028,8404406
5.74590,8404868
5.75885,8404491
5.77446,8404672
5.79008,8404547
5.80570,8404448
5.82132,8404681
5.83694,8404655
5.84683,8404429
5.86245,8404416
5.87807,8404431
5.89369,8404713
5.90931,8404320
5.92492,8404356
5.94054,8404639
5.95184,8404393
5.96746,8404690
5.98308,8404637
5.99870,8404445
6.01432,8404297
6.02993,8404523
6.04555,8404594
6.05905,8404854
6.07467,8404783
6.09029,8404700
6.10590,8404529
6.12152,8404373
6.13714,8404577
6.15276,8404719
6.16207,8404634
6.17769,8404569
6.19331,8404426
6.20893,8404521
6.22455,8404396
6.24017,8404457
6.25153,8404378
6.26714,8404447
6.28276,8404400
6.29838,8404500
6.31400,8404608
6.32962,8404337
6.34524,8404652
6.35919,8404646
6.37481,8404557
6.39043,8404526
6.40605,8404841
6.42166,8404575
6.43728,8404387
6.45290,8404279
6.46179,8404457
6.47741,8404623
6.49303,8404939
6.50864,8404415
6.52426,8404499
6.53988,8404650
6.55550,8404466
6.56692,8404357
6.58254,8404489
6.59816,8403987
6.61378,8404209
6.62939,8404637
6.64501,8404384
6.65939,8404062
6.67501,8404460
6.69063,8404081
6.70625,8404508
6.72187,8404584
6.73749,8404310
6.75310,8404420
6.76175,8404971
6.77737,8404574
6.79298,8404499
6.80860,8404370
6.82422,8404545
6.83984,8404331
6.85546,8404217
6.86660,8404651
6.88222,8404585
6.89784,8404350
6.91346,8404494
6.92908,8404404
6.94470,8404577
6.96032,8404354
6.97192,8404734
6.98754,8404279
7.00316,8404512
7.01877,8404653
7.03439,8404544
7.05001,8404605
7.06186,8404376
7.07748,8404862
7.09310,8404541
7.10871,8404432
7.12433,8404794
7.13995,8404790
7.15557,8404298
7.16620,8404536
7.18182,8404672
7.19743,8404454
7.21305,8404823
7.22867,8404447
7.24429,8404269
7.25991,8404589
7.27130,8404702
7.28692,8404477
7.30253,8404566
7.31815,8404495
7.33377,8404270
7.34939,8404313
7.36501,8404351
7.37762,8404746
7.39324,8404602
7.40886,8404708
7.42448,8404607
7.44009,8403928
7.45571,8404415
7.46591,8404208
7.48153,8404769
7.49715,8404496
7.51277,8404294
7.52839,8404266
7.54400,8404664
7.55962,8404356
7.57101,8404700
7.58663,8404474
7.60225,8404604
7.61787,8404335
7.63349,8404717
7.64911,8404892
7.66472,8404164
7.67785,8404310
7.69347,8404566
7.70909,8404584
7.72471,8404353
7.74033,8404306
7.75595,8404132
7.77156,8404037
7.78125,8404349
7.79686,8404472
7.81248,8404913
7.82810,8404365
7.84372,8404132
7.85934,8404381
7.87070,8404743
7.88632,8404314
7.90193,8404466
7.91755,8404456
7.93317,8404199
7.94879,8404494
7.96441,8404680
7.97796,8404295
7.99358,8404647
8.00920,8404303
8.02482,8404498
8.04044,8404680
8.05606,8404569
8.07168,8404490
8.08090,8404641
8.09652,8404294
8.11214,8404517
8.12775,8404456
8.14337,8404601
8.15899,8404240
8.17461,8404581
8.18597,8404635
8.20159,8404437
8.21721,8404599
8.23282,8404389
8.24844,8404136
8.26406,8404403
8.27814,8404628
8.29376,8404420
8.30937,8404579
8.32499,8404365
8.34061,8404854
8.35623,8404157
8.37185,8404712
8.38055,8404510
8.39617,8404341
8.41179,8404451
8.42741,8404269
8.44303,8404557
8.45865,8404468
8.47426,8404006
8.48559,8404569
8.50121,8404434
8.51683,8404274
8.53245,8404336
8.54807,8404303
8.56368,8404519
8.57930,8404647
8.59387,8404095
8.60949,8404483
8.62510,8404589
8.64072,8404488
8.65634,8404566
8.67196,8404366
8.68063,8404742
8.69625,8404365
8.71187,8404826
8.72749,8404041
8.74311,8404691
8.75873,8404463
8.77434,8404533
8.78537,8404175
8.80099,8404376
8.81661,8404300
8.83222,8404580
8.84784,8404493
8.86346,8404409
8.87908,8404388
8.89044,8404589
8.90606,8404495
8.92168,8404745
8.93729,8404498
8.95291,8404483
8.96853,8404274
8.98415,8404707
8.99642,8404360
9.01204,8404564
9.02766,8404558
9.04328,8404657
9.05890,8404665
9.07452,8404453
9.08505,8404310
9.10067,8404671
9.11629,8404414
9.13191,8404490
9.14753,8404396
9.16314,8404816
9.17876,8404345
9.19015,8404356
9.20577,8404646
9.22139,8404715
9.23701,8404525
9.25263,8404681
9.26825,8404787
9.28386,8404505
9.29663,8404685
9.31225,8404650
9.32786,8404594
9.34348,8404309
9.35910,8404456
9.37472,8404415
9.39034,8404627
9.40023,8404448
9.41585,8404476
9.43147,8404269
9.44709,8404528
9.46271,8404385
9.47833,8404623
9.48981,8404567
9.50543,8404673
9.52104,8404888
9.53666,8404249
9.55228,8404387
9.56790,8404399
9.58352,8404577
9.59683,8404722
9.61245,8404250
9.62807,8404404
9.64369,8404445
9.65930,8404557
9.67492,8404372
9.69054,8404434
9.69995,8404433
9.71557,8404441
9.73118,8404237
9.74680,8404751
9.76242,8404346
9.77804,8404218
9.79366,8404527
9.80502,8404172
9.82064,8404557
9.83626,8404539
9.85187,8404538
9.86749,8404362
9.88311,8404574
9.89697,8404192
9.91259,8404290
9.92821,8404866
9.94383,8404215
9.95945,8404691
9.97507,8404548
9.99068,8404225
9.99963,8403946
10.01525,8404187
10.03087,8404248
10.04649,8404373
10.06211,8404876
10.07772,8404705
10.09334,8404938
10.10470,8404279
10.12032,8404519
10.13594,8404629
10.15156,8404542
10.16718,8404416
10.18280,8404530
10.19841,8404101
10.21273,8404661
10.22835,8404568
10.24397,8404716
10.25959,8404660
10.27521,8404492
10.29083,8404525
10.29953,8404720
10.31515,8404377
10.33077,8404437
10.34639,8404570
10.36200,8404455
10.37762,8404860
10.39324,8404693
10.40445,8404317
10.42007,8404856
10.43568,8404374
10.45130,8404352
10.46692,8404589
10.48254,8404643
10.49816,8404319
10.50976,8404134
10.52538,8404454
10.54100,8404366
10.55662,8404478
10.57224,8404772
10.58785,8404428
10.60347,8404633
10.61523,8404690
10.63085,8404722
10.64647,8404601
10.66208,8404750
10.67770,8404271
10.69332,8404164
10.70410,8404606
10.71972,8404507
10.73534,8404531
10.75096,8404272
10.76658,8404400
10.78219,8404474
10.79781,8404728
10.80920,8404470
10.82482,8404321
10.84044,8404319
10.85606,8404247
10.87168,8404767
10.88729,8404402
10.90291,8404241
10.91549,8404559
10.93111,8404725
10.94673,8404723
10.96235,8404602
10.97797,8404173
10.99359,8404246
11.00920,8404486
11.01943,8404302
11.03505,8404281
11.05067,8404937
11.06629,8404294
11.08191,8404322
11.09753,8404806
11.10892,8404303
11.12454,8404665
11.14015,8404372
11.15577,8404528
11.17139,8404622
11.18701,8404640
11.20263,8404501
11.21567,8404511
11.23128,8404917
11.24690,8404825
11.26252,8404732
11.27814,8404776
11.29376,8404433
11.30938,8404304
11.31918,8404717
11.33480,8404651
11.35042,8404466
11.36604,8404390
11.38165,8404370
11.39727,8404506
11.41289,8404323
11.42425,8404867
11.43987,8404538
11.45549,8404597
11.47111,8404473
11.48672,8404677
11.50234,8404530
11.51590,8404633
11.53152,8404498
11.54714,8404260
11.56276,8404671
11.57837,8404485
11.59399,8404559
11.60961,8404353
11.61880,8404744
11.63442,8404415
11.65004,8404501
11.66566,8404397
11.68128,8404412
11.69690,8404718
11.71251,8404222
11.72393,8404507
11.73955,8404274
11.75517,8404543
11.77079,8404201
11.78641,8404428
11.80203,8404621
11.81765,8404485
11.83169,8404312
11.84731,8404516
11.86293,8404336
11.87855,8404819
11.89416,8404355
11.90978,8404275
11.91846,8404276
11.93408,8404413
11.94969,8404633
11.96531,8404559
11.98093,8404306
11.99655,8404668
12.01217,8404831
12.02368,8404334
12.03930,8404624
12.05492,8404574
12.07054,8404572
12.08615,8404350
12.10177,8404106
12.11739,8404536
12.13180,8404558
12.14742,8404461
12.16304,8404334
12.17866,8404134
12.19428,8404565
12.20989,8404641
12.22551,8404586
12.23419,8404540
12.24981,8404369
12.26542,8404446
12.28104,8404699
12.29666,8405014
12.31228,8404482
12.32333,8404541
12.33895,8404691
12.35457,8404792
12.37019,8404479
12.38581,8404378
12.40143,8404215
12.41704,8404488
12.42847,8404367
12.44408,8404455
12.45970,8404046
12.47532,8404456
12.49094,8404733
12.50656,8404264
12.52218,8404249
12.53430,8403988
12.54992,8404778
12.56554,8404849
12.58115,8404254
12.59677,8404386
12.61239,8404291
12.62801,8404394
12.63864,8404332
12.65425,8404550
12.66987,8404383
12.68549,8404528
12.70111,8404354
12.71673,8404861
12.72812,8404562
12.74374,8404530
12.75936,8404341
12.77497,8404604
12.79059,8404433
12.80621,8404261
12.82183,8404521
12.83453,8404549
12.85015,8404261
12.86577,8404534
12.88139,8404249
12.89701,8404198
12.91262,8404319
12.92824,8404557
12.93832,8404115
12.95394,8404576
12.96956,8404370
12.98518,8404665
13.00079,8404223
13.01641,8404365
13.03203,8404681
13.04339,8404431
13.05901,8404556
13.07463,8404431
13.09025,8404232
13.10587,8404452
13.12148,8404493
13.13477,8404562
13.15038,8404230
13.16600,8404262
13.18162,8404554
13.19724,8404384
13.21286,8404343
13.22848,8404250
13.23800,8404703
13.25362,8404234
13.26924,8404466
13.28486,8404311
13.30048,8404578
13.31610,8404465
13.33172,8404428
13.34311,8404478
13.35872,8404740
13.37434,8404390
13.38996,8404177
13.40558,8404557
13.42120,8404726
13.43682,8404177
13.45053,8404597
13.46614,8404446
13.48176,8404746
13.49738,8404529
13.51300,8404467
13.52862,8404414
13.53775,8404589
13.55337,8404229
13.56899,8404636
13.58461,8404523
13.60022,8404417
13.61584,8404692
13.63146,8404439
13.64285,8404172
13.65847,8404976
13.67409,8404358
13.68971,8404508
13.70533,8404620
13.72094,8404405
13.73656,8404486
13.75070,8404540
13.76632,8404368
13.78194,8404426
13.79755,8404516
13.81317,8404616
13.82879,8404486
13.84441,8404287
13.85308,8404497
13.86870,8404578
13.88432,8403994
13.89994,8404513
13.91556,8404669
13.93118,8404449
13.94260,8404044
13.95821,8404626
13.97383,8404510
13.98945,8404145
14.00507,8404328
14.02069,8404263
14.03631,8404596
14.05084,8404331
14.06646,8404085
14.08208,8404852
14.09770,8404551
14.11331,8404694
14.12893,8404685
14.14455,8404127
14.15319,8404183
14.16881,8404465
14.18443,8404441
14.20005,8404021
14.21567,8404354
14.23129,8404632
14.24691,8404507
14.25787,8404273
14.27349,8404372
14.28911,8404473
14.30472,8404549
14.32034,8404386
14.33596,8404699
